import java.util.Scanner;
public class SalesRoutePlanner {
    public static void main(String[] args) {
        int [] [] distanceArray = { {0, 90, 76, 171, 136, 132, 89, 99, 172, 158},
                                    {90, 0, 112, 97, 110, 162, 77, 174, 234, 201},
                                    {76, 112, 0, 130, 80, 61, 63, 76, 121, 93},
                                    {171, 97, 130, 0, 56, 132, 82, 203, 248, 209},
                                    {136, 110, 80, 56, 0, 76, 44, 157, 202, 153},
                                    {132, 162, 61, 132, 76, 0, 87, 125, 128, 77},
                                    {89, 77, 63, 82, 44, 87, 0, 139, 184, 152},
                                    {99, 174, 76, 203, 157, 125, 139, 0, 83, 87},
                                    {172, 234, 121, 248, 202, 128, 184, 83, 0, 51},
                                    {158, 201, 93, 209, 153, 77, 152, 87, 51, 0}
        };
        System.out.println(distanceArray[3][4]);
    }
}
